layout_spectrum: 0.5580423341598362
typography_spectrum: 0.3731513940729201
color:
  brandStrength: 0.8393758619204164
  lightness: 0.9568643260281533
  saturation: 0.4780842091422528
  rhythmicContrast: 0.9216084028594196
name: DarwinClone
